·∾ mySqr = [x^2 | x <- [1..10]]


·∾ map (`rem` 2) mySqr
[1,0,1,0,1,0,1,0,1,0]


·∾ -- This should result in [4,16,36,64,100], I think.
·∾ [x | x <- mySqr, x `rem` 2 == 0]
[4,16,36,64,100]


·∾ [(x,y) | x <- mySqr, y <- mySqr]
[
  (1,1)  , (1,4)  , (1,9)  , (1,16)  , (1,25)  , (1,36)  , (1,49)  , (1,64)  , (1,81)  , (1,100)
, (4,1)  , (4,4)  , (4,9)  , (4,16)  , (4,25)  , (4,36)  , (4,49)  , (4,64)  , (4,81)  , (4,100)
, (9,1)  , (9,4)  , (9,9)  , (9,16)  , (9,25)  , (9,36)  , (9,49)  , (9,64)  , (9,81)  , (9,100)
, (16,1) , (16,4) , (16,9) , (16,16) , (16,25) , (16,36) , (16,49) , (16,64) , (16,81) , (16,100)
, (25,1) , (25,4) , (25,9) , (25,16) , (25,25) , (25,36) , (25,49) , (25,64) , (25,81) , (25,100)
, (36,1) , (36,4) , (36,9) , (36,16) , (36,25) , (36,36) , (36,49) , (36,64) , (36,81) , (36,100)
, (49,1) , (49,4) , (49,9) , (49,16) , (49,25) , (49,36) , (49,49) , (49,64) , (49,81) , (49,100)
, (64,1) , (64,4) , (64,9) , (64,16) , (64,25) , (64,36) , (64,49) , (64,64) , (64,81) , (64,100)
, (81,1) , (81,4) , (81,9) , (81,16) , (81,25) , (81,36) , (81,49) , (81,64) , (81,81) , (81,100)
, (100,1), (100,4), (100,9), (100,16), (100,25), (100,36), (100,49), (100,64), (100,81), (100,100)
]


·∾ :{
 ⋮ -- Here's a visual proof of what I think the output should be. When run, it will be evaulated to a list.
 ⋮ [
 ⋮ {- x < 50 rules out this block --------------------------------------- -}
 ⋮ {-   (1,1)  , (1,4)  , (1,9)  , (1,16)  , (1,25)  , (1,36)  , (1,49)   -}      (1,64)  , (1,81)  , (1,100)
 ⋮ {- , (4,1)  , (4,4)  , (4,9)  , (4,16)  , (4,25)  , (4,36)  , (4,49)   -}    , (4,64)  , (4,81)  , (4,100)
 ⋮ {- , (9,1)  , (9,4)  , (9,9)  , (9,16)  , (9,25)  , (9,36)  , (9,49)   -}    , (9,64)  , (9,81)  , (9,100)
 ⋮ {- , (16,1) , (16,4) , (16,9) , (16,16) , (16,25) , (16,36) , (16,49)  -}    , (16,64) , (16,81) , (16,100)
 ⋮ {- , (25,1) , (25,4) , (25,9) , (25,16) , (25,25) , (25,36) , (25,49)  -}    , (25,64) , (25,81) , (25,100)
 ⋮ {- y > 50 rules out this block --------------------------------------- -}
 ⋮ {- , (36,1) , (36,4) , (36,9) , (36,16) , (36,25) , (36,36) , (36,49)  -}    , (36,64) , (36,81) , (36,100)
 ⋮ {- , (49,1) , (49,4) , (49,9) , (49,16) , (49,25) , (49,36) , (49,49)  -}    , (49,64) , (49,81) , (49,100)
 ⋮ {- y > 50 rules out this block, too ---------------------------------- -} {-  x < 50 rules out this bolck v  -}
 ⋮ {- , (64,1) , (64,4) , (64,9) , (64,16) , (64,25) , (64,36) , (64,49)  -} {- , (64,64) , (64,81) , (64,100)  -}
 ⋮ {- , (81,1) , (81,4) , (81,9) , (81,16) , (81,25) , (81,36) , (81,49)  -} {- , (81,64) , (81,81) , (81,100)  -}
 ⋮ {- , (100,1), (100,4), (100,9), (100,16), (100,25), (100,36), (100,49) -} {- , (100,64), (100,81), (100,100) -}
 ⋮ ]
 ⋮ :}
[ (1,64)  , (1,81)  , (1,100)
, (4,64)  , (4,81)  , (4,100)
, (9,64)  , (9,81)  , (9,100)
, (16,64) , (16,81) , (16,100)
, (25,64) , (25,81) , (25,100)
, (36,64) , (36,81) , (36,100)
, (49,64) , (49,81) , (49,100)
]


·∾ :{
 ⋮ [(x,y) |
 ⋮   x <- mySqr,
 ⋮   y <- mySqr,
 ⋮   x < 50,
 ⋮   y > 50
 ⋮ ]
 ⋮ :}
[ (1,64)  , (1,81)  , (1,100)
, (4,64)  , (4,81)  , (4,100)
, (9,64)  , (9,81)  , (9,100)
, (16,64) , (16,81) , (16,100)
, (25,64) , (25,81) , (25,100)
, (36,64) , (36,81) , (36,100)
, (49,64) , (49,81) , (49,100)
]
